2023-12-23 21:29:13.566190  ERROR -> [Errno 13] Permission denied
2023-12-23 21:30:52.617842  ERROR -> [Errno 13] Permission denied
2023-12-23 21:33:41.789091  ERROR -> [Errno 13] Permission denied
2023-12-23 22:01:08.958815  ERROR -> name 'picle' is not defined
2023-12-23 22:01:08.958900  ERROR -> can only concatenate str (not "int") to str
2023-12-23 22:01:39.280205  ERROR -> sendto(): AF_INET address must be tuple, not socket
2023-12-23 22:01:39.280286  ERROR -> a bytes-like object is required, not 'tuple'
2023-12-23 22:04:13.963427  ERROR -> a bytes-like object is required, not 'tuple'
2023-12-23 22:06:28.622944  ERROR -> a bytes-like object is required, not 'tuple'
2023-12-23 22:06:28.622970  ERROR -> a bytes-like object is required, not 'tuple'
2023-12-23 22:09:21.362999  ERROR -> a bytes-like object is required, not 'tuple'
2023-12-23 22:09:21.363130  ERROR -> a bytes-like object is required, not 'tuple'
2023-12-23 22:12:12.940524  ERROR -> a bytes-like object is required, not 'tuple'
2023-12-23 22:12:12.940746  ERROR -> a bytes-like object is required, not 'tuple'
2023-12-23 22:12:37.184752  ERROR -> a bytes-like object is required, not 'tuple'
2023-12-23 22:12:37.184557  ERROR -> a bytes-like object is required, not 'tuple'
2023-12-23 22:13:38.739720  ERROR -> recv: a bytes-like object is required, not 'tuple'
2023-12-23 22:13:38.739793  ERROR -> recv: a bytes-like object is required, not 'tuple'
2023-12-23 22:23:30.683701  ERROR -> a bytes-like object is required, not 'tuple'
2023-12-23 22:23:30.683774  ERROR -> a bytes-like object is required, not 'tuple'
2023-12-23 22:23:30.686038  ERROR -> a bytes-like object is required, not 'tuple'
2023-12-23 22:23:30.686135  ERROR -> a bytes-like object is required, not 'tuple'
2023-12-23 22:23:30.688471  ERROR -> a bytes-like object is required, not 'tuple'
2023-12-23 22:23:30.688621  ERROR -> a bytes-like object is required, not 'tuple'
2023-12-23 22:23:30.690480  ERROR -> a bytes-like object is required, not 'tuple'
2023-12-23 22:23:30.690590  ERROR -> a bytes-like object is required, not 'tuple'
2023-12-23 22:23:30.693040  ERROR -> a bytes-like object is required, not 'tuple'
2023-12-23 22:23:30.693205  ERROR -> a bytes-like object is required, not 'tuple'
2023-12-23 22:23:30.695366  ERROR -> a bytes-like object is required, not 'tuple'
2023-12-23 22:23:30.695740  ERROR -> a bytes-like object is required, not 'tuple'
2023-12-23 22:23:30.697045  ERROR -> a bytes-like object is required, not 'tuple'
2023-12-23 22:23:30.697598  ERROR -> a bytes-like object is required, not 'tuple'
2023-12-23 22:23:30.698856  ERROR -> a bytes-like object is required, not 'tuple'
2023-12-23 22:23:30.699990  ERROR -> a bytes-like object is required, not 'tuple'
2023-12-23 22:23:30.701024  ERROR -> a bytes-like object is required, not 'tuple'
2023-12-23 22:23:30.701636  ERROR -> a bytes-like object is required, not 'tuple'
2023-12-23 22:23:30.702719  ERROR -> a bytes-like object is required, not 'tuple'
2023-12-23 22:23:30.703099  ERROR -> a bytes-like object is required, not 'tuple'
2023-12-23 22:23:30.704466  ERROR -> a bytes-like object is required, not 'tuple'
2023-12-23 22:23:30.704824  ERROR -> a bytes-like object is required, not 'tuple'
2023-12-23 22:23:30.706817  ERROR -> a bytes-like object is required, not 'tuple'
2023-12-23 22:23:30.707042  ERROR -> a bytes-like object is required, not 'tuple'
2023-12-23 22:23:30.708992  ERROR -> a bytes-like object is required, not 'tuple'
2023-12-23 22:23:30.709119  ERROR -> a bytes-like object is required, not 'tuple'
2023-12-23 22:23:30.711156  ERROR -> a bytes-like object is required, not 'tuple'
2023-12-23 22:23:30.711263  ERROR -> a bytes-like object is required, not 'tuple'
2023-12-23 22:23:30.713196  ERROR -> a bytes-like object is required, not 'tuple'
2023-12-23 22:23:30.713376  ERROR -> a bytes-like object is required, not 'tuple'
2023-12-23 22:23:30.715514  ERROR -> a bytes-like object is required, not 'tuple'
2023-12-23 22:23:30.715654  ERROR -> a bytes-like object is required, not 'tuple'
2023-12-23 22:23:30.718409  ERROR -> a bytes-like object is required, not 'tuple'
2023-12-23 22:23:30.718523  ERROR -> a bytes-like object is required, not 'tuple'
2023-12-23 22:23:30.720920  ERROR -> a bytes-like object is required, not 'tuple'
2023-12-23 22:23:30.720995  ERROR -> a bytes-like object is required, not 'tuple'
2023-12-23 22:23:30.723441  ERROR -> a bytes-like object is required, not 'tuple'
2023-12-23 22:23:30.723852  ERROR -> a bytes-like object is required, not 'tuple'
2023-12-23 22:23:30.725001  ERROR -> a bytes-like object is required, not 'tuple'
2023-12-23 22:23:30.725510  ERROR -> a bytes-like object is required, not 'tuple'
2023-12-23 22:23:30.726720  ERROR -> a bytes-like object is required, not 'tuple'
2023-12-23 22:23:30.727652  ERROR -> a bytes-like object is required, not 'tuple'
2023-12-23 22:23:30.728354  ERROR -> a bytes-like object is required, not 'tuple'
2023-12-23 22:23:30.729285  ERROR -> a bytes-like object is required, not 'tuple'
2023-12-23 22:23:30.730026  ERROR -> a bytes-like object is required, not 'tuple'
2023-12-23 22:23:30.730767  ERROR -> a bytes-like object is required, not 'tuple'
2023-12-23 22:23:30.731450  ERROR -> a bytes-like object is required, not 'tuple'
2023-12-23 22:23:30.732409  ERROR -> a bytes-like object is required, not 'tuple'
2023-12-23 22:23:30.733318  ERROR -> a bytes-like object is required, not 'tuple'
2023-12-23 22:23:30.734330  ERROR -> a bytes-like object is required, not 'tuple'
2023-12-23 22:23:30.734950  ERROR -> a bytes-like object is required, not 'tuple'
2023-12-23 22:23:30.735808  ERROR -> a bytes-like object is required, not 'tuple'
2023-12-23 22:23:30.736332  ERROR -> a bytes-like object is required, not 'tuple'
2023-12-23 22:23:30.737149  ERROR -> a bytes-like object is required, not 'tuple'
2023-12-23 22:23:30.737859  ERROR -> a bytes-like object is required, not 'tuple'
2023-12-23 22:23:30.738804  ERROR -> a bytes-like object is required, not 'tuple'
2023-12-23 22:23:30.739544  ERROR -> a bytes-like object is required, not 'tuple'
2023-12-23 22:23:30.740422  ERROR -> a bytes-like object is required, not 'tuple'
2023-12-23 22:23:30.741268  ERROR -> a bytes-like object is required, not 'tuple'
2023-12-23 22:23:30.742046  ERROR -> a bytes-like object is required, not 'tuple'
2023-12-23 22:23:30.742845  ERROR -> a bytes-like object is required, not 'tuple'
2023-12-23 22:23:30.743675  ERROR -> a bytes-like object is required, not 'tuple'
2023-12-23 22:23:30.744684  ERROR -> a bytes-like object is required, not 'tuple'
2023-12-23 22:23:30.745187  ERROR -> a bytes-like object is required, not 'tuple'
2023-12-23 22:23:30.746308  ERROR -> a bytes-like object is required, not 'tuple'
2023-12-23 22:23:30.746807  ERROR -> a bytes-like object is required, not 'tuple'
2023-12-23 22:23:30.748291  ERROR -> a bytes-like object is required, not 'tuple'
2023-12-23 22:23:30.748660  ERROR -> a bytes-like object is required, not 'tuple'
2023-12-23 22:23:30.749782  ERROR -> a bytes-like object is required, not 'tuple'
2023-12-23 22:23:30.749853  ERROR -> a bytes-like object is required, not 'tuple'
2023-12-23 22:23:30.752475  ERROR -> a bytes-like object is required, not 'tuple'
2023-12-23 22:23:30.752670  ERROR -> a bytes-like object is required, not 'tuple'
2023-12-23 22:23:30.754035  ERROR -> a bytes-like object is required, not 'tuple'
2023-12-23 22:23:30.754147  ERROR -> a bytes-like object is required, not 'tuple'
2023-12-23 22:23:30.756275  ERROR -> a bytes-like object is required, not 'tuple'
2023-12-23 22:23:30.756380  ERROR -> a bytes-like object is required, not 'tuple'
2023-12-23 22:23:30.758353  ERROR -> a bytes-like object is required, not 'tuple'
2023-12-23 22:23:30.758494  ERROR -> a bytes-like object is required, not 'tuple'
2023-12-23 22:23:30.760310  ERROR -> a bytes-like object is required, not 'tuple'
2023-12-23 22:23:30.760421  ERROR -> a bytes-like object is required, not 'tuple'
2023-12-23 22:23:30.762302  ERROR -> a bytes-like object is required, not 'tuple'
2023-12-23 22:23:30.762510  ERROR -> a bytes-like object is required, not 'tuple'
2023-12-23 22:23:30.763698  ERROR -> a bytes-like object is required, not 'tuple'
2023-12-23 22:23:30.763952  ERROR -> a bytes-like object is required, not 'tuple'
2023-12-23 22:23:30.765996  ERROR -> a bytes-like object is required, not 'tuple'
2023-12-23 22:23:30.766173  ERROR -> a bytes-like object is required, not 'tuple'
2023-12-23 22:23:30.768471  ERROR -> a bytes-like object is required, not 'tuple'
2023-12-23 22:23:30.768583  ERROR -> a bytes-like object is required, not 'tuple'
2023-12-23 22:23:30.769875  ERROR -> a bytes-like object is required, not 'tuple'
2023-12-23 22:23:30.770018  ERROR -> a bytes-like object is required, not 'tuple'
2023-12-23 22:23:30.772061  ERROR -> a bytes-like object is required, not 'tuple'
2023-12-23 22:23:30.772264  ERROR -> a bytes-like object is required, not 'tuple'
2023-12-23 22:23:30.774958  ERROR -> a bytes-like object is required, not 'tuple'
2023-12-23 22:23:30.775021  ERROR -> a bytes-like object is required, not 'tuple'
2023-12-23 22:23:30.777279  ERROR -> a bytes-like object is required, not 'tuple'
2023-12-23 22:23:30.777425  ERROR -> a bytes-like object is required, not 'tuple'
2023-12-23 22:23:30.779572  ERROR -> a bytes-like object is required, not 'tuple'
2023-12-23 22:23:30.779652  ERROR -> a bytes-like object is required, not 'tuple'
2023-12-23 22:23:30.781936  ERROR -> a bytes-like object is required, not 'tuple'
2023-12-23 22:23:30.781998  ERROR -> a bytes-like object is required, not 'tuple'
2023-12-23 22:23:30.784037  ERROR -> a bytes-like object is required, not 'tuple'
2023-12-23 22:23:30.784414  ERROR -> a bytes-like object is required, not 'tuple'
2023-12-23 22:23:30.785791  ERROR -> a bytes-like object is required, not 'tuple'
2023-12-23 22:23:30.786790  ERROR -> a bytes-like object is required, not 'tuple'
2023-12-23 22:23:30.787817  ERROR -> a bytes-like object is required, not 'tuple'
2023-12-23 22:23:30.789510  ERROR -> a bytes-like object is required, not 'tuple'
2023-12-23 22:23:30.790272  ERROR -> a bytes-like object is required, not 'tuple'
2023-12-23 22:23:30.791736  ERROR -> a bytes-like object is required, not 'tuple'
2023-12-23 22:23:30.792336  ERROR -> a bytes-like object is required, not 'tuple'
2023-12-23 22:23:30.793519  ERROR -> a bytes-like object is required, not 'tuple'
2023-12-23 22:23:30.794020  ERROR -> a bytes-like object is required, not 'tuple'
2023-12-23 22:23:30.795316  ERROR -> a bytes-like object is required, not 'tuple'
2023-12-23 22:23:30.795940  ERROR -> a bytes-like object is required, not 'tuple'
2023-12-23 22:23:30.796954  ERROR -> a bytes-like object is required, not 'tuple'
2023-12-23 22:23:30.798004  ERROR -> a bytes-like object is required, not 'tuple'
2023-12-23 22:23:30.798936  ERROR -> a bytes-like object is required, not 'tuple'
2023-12-23 22:23:30.799825  ERROR -> a bytes-like object is required, not 'tuple'
2023-12-23 22:23:30.800763  ERROR -> a bytes-like object is required, not 'tuple'
2023-12-23 22:23:30.801481  ERROR -> a bytes-like object is required, not 'tuple'
2023-12-23 22:23:30.802470  ERROR -> a bytes-like object is required, not 'tuple'
2023-12-23 22:23:30.803259  ERROR -> a bytes-like object is required, not 'tuple'
2023-12-23 22:23:30.803879  ERROR -> a bytes-like object is required, not 'tuple'
2023-12-23 22:23:30.804882  ERROR -> a bytes-like object is required, not 'tuple'
2023-12-23 22:23:30.805655  ERROR -> a bytes-like object is required, not 'tuple'
2023-12-23 22:23:30.806241  ERROR -> a bytes-like object is required, not 'tuple'
2023-12-23 22:23:30.807414  ERROR -> a bytes-like object is required, not 'tuple'
2023-12-23 22:23:30.807954  ERROR -> a bytes-like object is required, not 'tuple'
2023-12-23 22:23:30.808828  ERROR -> a bytes-like object is required, not 'tuple'
2023-12-23 22:23:30.809521  ERROR -> a bytes-like object is required, not 'tuple'
2023-12-23 22:23:30.810674  ERROR -> a bytes-like object is required, not 'tuple'
2023-12-23 22:23:30.811185  ERROR -> a bytes-like object is required, not 'tuple'
2023-12-23 22:23:30.811917  ERROR -> a bytes-like object is required, not 'tuple'
2023-12-23 22:23:30.812784  ERROR -> a bytes-like object is required, not 'tuple'
2023-12-23 22:23:30.813646  ERROR -> a bytes-like object is required, not 'tuple'
2023-12-23 22:23:30.814296  ERROR -> a bytes-like object is required, not 'tuple'
2023-12-23 22:23:30.815258  ERROR -> a bytes-like object is required, not 'tuple'
2023-12-23 22:23:30.815806  ERROR -> a bytes-like object is required, not 'tuple'
2023-12-23 22:23:30.816645  ERROR -> a bytes-like object is required, not 'tuple'
2023-12-23 22:23:30.817249  ERROR -> a bytes-like object is required, not 'tuple'
2023-12-23 22:23:30.818084  ERROR -> a bytes-like object is required, not 'tuple'
2023-12-23 22:23:30.818778  ERROR -> a bytes-like object is required, not 'tuple'
2023-12-23 22:23:30.819751  ERROR -> a bytes-like object is required, not 'tuple'
2023-12-23 22:23:30.820645  ERROR -> a bytes-like object is required, not 'tuple'
2023-12-23 22:23:30.821674  ERROR -> a bytes-like object is required, not 'tuple'
2023-12-23 22:23:30.822411  ERROR -> a bytes-like object is required, not 'tuple'
2023-12-23 22:23:30.823337  ERROR -> a bytes-like object is required, not 'tuple'
2023-12-23 22:23:30.824008  ERROR -> a bytes-like object is required, not 'tuple'
2023-12-23 22:23:30.824883  ERROR -> a bytes-like object is required, not 'tuple'
2023-12-23 22:23:30.825466  ERROR -> a bytes-like object is required, not 'tuple'
2023-12-23 22:23:30.826492  ERROR -> a bytes-like object is required, not 'tuple'
2023-12-23 22:23:30.827362  ERROR -> a bytes-like object is required, not 'tuple'
2023-12-23 22:23:30.828012  ERROR -> a bytes-like object is required, not 'tuple'
2023-12-23 22:23:30.828909  ERROR -> a bytes-like object is required, not 'tuple'
2023-12-23 22:23:30.829774  ERROR -> a bytes-like object is required, not 'tuple'
2023-12-23 22:23:30.830259  ERROR -> a bytes-like object is required, not 'tuple'
2023-12-23 22:23:30.831396  ERROR -> a bytes-like object is required, not 'tuple'
2023-12-23 22:23:30.831811  ERROR -> a bytes-like object is required, not 'tuple'
2023-12-23 22:23:30.832734  ERROR -> a bytes-like object is required, not 'tuple'
2023-12-23 22:23:30.833307  ERROR -> a bytes-like object is required, not 'tuple'
2023-12-23 22:23:30.834579  ERROR -> a bytes-like object is required, not 'tuple'
2023-12-23 22:23:30.835116  ERROR -> a bytes-like object is required, not 'tuple'
2023-12-23 22:23:30.836342  ERROR -> a bytes-like object is required, not 'tuple'
2023-12-23 22:23:30.836439  ERROR -> a bytes-like object is required, not 'tuple'
2023-12-23 22:23:30.838330  ERROR -> a bytes-like object is required, not 'tuple'
2023-12-23 22:23:30.838486  ERROR -> a bytes-like object is required, not 'tuple'
2023-12-23 22:23:30.840811  ERROR -> a bytes-like object is required, not 'tuple'
2023-12-23 22:23:30.841035  ERROR -> a bytes-like object is required, not 'tuple'
2023-12-23 22:23:30.843287  ERROR -> a bytes-like object is required, not 'tuple'
2023-12-23 22:23:30.843635  ERROR -> a bytes-like object is required, not 'tuple'
2023-12-23 22:23:30.844786  ERROR -> a bytes-like object is required, not 'tuple'
2023-12-23 22:23:30.845273  ERROR -> a bytes-like object is required, not 'tuple'
2023-12-23 22:23:30.846312  ERROR -> a bytes-like object is required, not 'tuple'
2023-12-23 22:23:30.847027  ERROR -> a bytes-like object is required, not 'tuple'
2023-12-23 22:23:30.848292  ERROR -> a bytes-like object is required, not 'tuple'
2023-12-23 22:23:30.848671  ERROR -> a bytes-like object is required, not 'tuple'
2023-12-23 22:23:30.850393  ERROR -> a bytes-like object is required, not 'tuple'
2023-12-23 22:23:30.850526  ERROR -> a bytes-like object is required, not 'tuple'
2023-12-23 22:23:30.852877  ERROR -> a bytes-like object is required, not 'tuple'
2023-12-23 22:23:30.853031  ERROR -> a bytes-like object is required, not 'tuple'
2023-12-23 22:23:30.855299  ERROR -> a bytes-like object is required, not 'tuple'
2023-12-23 22:23:30.855497  ERROR -> a bytes-like object is required, not 'tuple'
2023-12-23 22:23:30.858003  ERROR -> a bytes-like object is required, not 'tuple'
2023-12-23 22:23:30.858081  ERROR -> a bytes-like object is required, not 'tuple'
2023-12-23 22:23:30.860147  ERROR -> a bytes-like object is required, not 'tuple'
2023-12-23 22:23:30.860258  ERROR -> a bytes-like object is required, not 'tuple'
2023-12-23 22:23:30.862300  ERROR -> a bytes-like object is required, not 'tuple'
2023-12-23 22:23:30.862358  ERROR -> a bytes-like object is required, not 'tuple'
2023-12-23 22:23:30.864531  ERROR -> a bytes-like object is required, not 'tuple'
2023-12-23 22:23:30.864685  ERROR -> a bytes-like object is required, not 'tuple'
2023-12-23 22:23:30.867061  ERROR -> a bytes-like object is required, not 'tuple'
2023-12-23 22:23:30.867177  ERROR -> a bytes-like object is required, not 'tuple'
2023-12-23 22:23:30.869507  ERROR -> a bytes-like object is required, not 'tuple'
2023-12-23 22:23:30.869603  ERROR -> a bytes-like object is required, not 'tuple'
2023-12-23 22:23:30.871288  ERROR -> a bytes-like object is required, not 'tuple'
2023-12-23 22:23:30.871415  ERROR -> a bytes-like object is required, not 'tuple'
2023-12-23 22:23:30.873419  ERROR -> a bytes-like object is required, not 'tuple'
2023-12-23 22:23:30.873486  ERROR -> a bytes-like object is required, not 'tuple'
2023-12-23 22:23:30.875864  ERROR -> a bytes-like object is required, not 'tuple'
2023-12-23 22:23:30.875969  ERROR -> a bytes-like object is required, not 'tuple'
2023-12-23 22:23:30.877915  ERROR -> a bytes-like object is required, not 'tuple'
2023-12-23 22:23:30.877973  ERROR -> a bytes-like object is required, not 'tuple'
2023-12-23 22:23:30.880273  ERROR -> a bytes-like object is required, not 'tuple'
2023-12-23 22:23:30.880426  ERROR -> a bytes-like object is required, not 'tuple'
2023-12-23 22:23:30.882435  ERROR -> a bytes-like object is required, not 'tuple'
2023-12-23 22:23:30.882553  ERROR -> a bytes-like object is required, not 'tuple'
2023-12-23 22:23:30.884423  ERROR -> a bytes-like object is required, not 'tuple'
2023-12-23 22:23:30.884475  ERROR -> a bytes-like object is required, not 'tuple'
2023-12-23 22:23:30.886625  ERROR -> a bytes-like object is required, not 'tuple'
2023-12-23 22:23:30.886888  ERROR -> a bytes-like object is required, not 'tuple'
2023-12-23 22:23:30.888925  ERROR -> a bytes-like object is required, not 'tuple'
2023-12-23 22:23:30.889020  ERROR -> a bytes-like object is required, not 'tuple'
2023-12-23 22:23:30.891057  ERROR -> a bytes-like object is required, not 'tuple'
2023-12-23 22:23:30.891238  ERROR -> a bytes-like object is required, not 'tuple'
2023-12-23 22:23:30.893284  ERROR -> a bytes-like object is required, not 'tuple'
2023-12-23 22:23:30.893355  ERROR -> a bytes-like object is required, not 'tuple'
2023-12-23 22:23:30.895506  ERROR -> a bytes-like object is required, not 'tuple'
2023-12-23 22:23:30.895629  ERROR -> a bytes-like object is required, not 'tuple'
2023-12-23 22:23:30.897685  ERROR -> a bytes-like object is required, not 'tuple'
2023-12-23 22:23:30.897834  ERROR -> a bytes-like object is required, not 'tuple'
2023-12-23 22:23:30.900206  ERROR -> a bytes-like object is required, not 'tuple'
2023-12-23 22:23:30.900267  ERROR -> a bytes-like object is required, not 'tuple'
2023-12-23 22:23:30.902209  ERROR -> a bytes-like object is required, not 'tuple'
2023-12-23 22:23:30.902329  ERROR -> a bytes-like object is required, not 'tuple'
2023-12-23 22:23:30.904236  ERROR -> a bytes-like object is required, not 'tuple'
2023-12-23 22:23:30.904303  ERROR -> a bytes-like object is required, not 'tuple'
2023-12-23 22:23:30.906926  ERROR -> a bytes-like object is required, not 'tuple'
2023-12-23 22:23:30.907047  ERROR -> a bytes-like object is required, not 'tuple'
2023-12-23 22:23:30.908502  ERROR -> a bytes-like object is required, not 'tuple'
2023-12-23 22:23:30.908628  ERROR -> a bytes-like object is required, not 'tuple'
2023-12-23 22:23:30.910755  ERROR -> a bytes-like object is required, not 'tuple'
2023-12-23 22:23:30.910839  ERROR -> a bytes-like object is required, not 'tuple'
2023-12-23 22:23:30.913270  ERROR -> a bytes-like object is required, not 'tuple'
2023-12-23 22:23:30.913445  ERROR -> a bytes-like object is required, not 'tuple'
2023-12-23 22:23:30.915382  ERROR -> a bytes-like object is required, not 'tuple'
2023-12-23 22:23:30.915508  ERROR -> a bytes-like object is required, not 'tuple'
2023-12-23 22:23:30.918016  ERROR -> a bytes-like object is required, not 'tuple'
2023-12-23 22:23:30.918084  ERROR -> a bytes-like object is required, not 'tuple'
2023-12-23 22:23:30.920102  ERROR -> a bytes-like object is required, not 'tuple'
2023-12-23 22:23:30.920187  ERROR -> a bytes-like object is required, not 'tuple'
2023-12-23 22:23:30.922717  ERROR -> a bytes-like object is required, not 'tuple'
2023-12-23 22:23:30.922797  ERROR -> a bytes-like object is required, not 'tuple'
2023-12-23 22:23:30.925148  ERROR -> a bytes-like object is required, not 'tuple'
2023-12-23 22:23:30.925250  ERROR -> a bytes-like object is required, not 'tuple'
2023-12-23 22:23:30.927440  ERROR -> a bytes-like object is required, not 'tuple'
2023-12-23 22:23:30.927469  ERROR -> a bytes-like object is required, not 'tuple'
2023-12-23 22:23:30.929880  ERROR -> a bytes-like object is required, not 'tuple'
2023-12-23 22:23:30.929945  ERROR -> a bytes-like object is required, not 'tuple'
2023-12-23 22:23:30.932334  ERROR -> a bytes-like object is required, not 'tuple'
2023-12-23 22:23:30.932407  ERROR -> a bytes-like object is required, not 'tuple'
2023-12-23 22:23:30.934526  ERROR -> a bytes-like object is required, not 'tuple'
2023-12-23 22:23:30.934624  ERROR -> a bytes-like object is required, not 'tuple'
2023-12-23 22:23:30.936607  ERROR -> a bytes-like object is required, not 'tuple'
2023-12-23 22:23:30.936697  ERROR -> a bytes-like object is required, not 'tuple'
2023-12-23 22:23:30.938898  ERROR -> a bytes-like object is required, not 'tuple'
2023-12-23 22:23:30.939117  ERROR -> a bytes-like object is required, not 'tuple'
2023-12-23 22:23:30.941167  ERROR -> a bytes-like object is required, not 'tuple'
2023-12-23 22:23:30.941216  ERROR -> a bytes-like object is required, not 'tuple'
2023-12-23 22:23:30.943419  ERROR -> a bytes-like object is required, not 'tuple'
2023-12-23 22:23:30.943624  ERROR -> a bytes-like object is required, not 'tuple'
2023-12-23 22:23:30.945647  ERROR -> a bytes-like object is required, not 'tuple'
2023-12-23 22:23:30.945745  ERROR -> a bytes-like object is required, not 'tuple'
2023-12-23 22:23:30.948022  ERROR -> a bytes-like object is required, not 'tuple'
2023-12-23 22:23:30.948305  ERROR -> a bytes-like object is required, not 'tuple'
2023-12-23 22:23:30.950436  ERROR -> a bytes-like object is required, not 'tuple'
2023-12-23 22:23:30.950471  ERROR -> a bytes-like object is required, not 'tuple'
2023-12-23 22:23:30.951906  ERROR -> a bytes-like object is required, not 'tuple'
2023-12-23 22:23:30.952086  ERROR -> a bytes-like object is required, not 'tuple'
2023-12-23 22:23:30.954154  ERROR -> a bytes-like object is required, not 'tuple'
2023-12-23 22:23:30.954348  ERROR -> a bytes-like object is required, not 'tuple'
2023-12-23 22:23:30.956118  ERROR -> a bytes-like object is required, not 'tuple'
2023-12-23 22:23:30.956769  ERROR -> a bytes-like object is required, not 'tuple'
2023-12-23 22:23:30.957761  ERROR -> a bytes-like object is required, not 'tuple'
2023-12-23 22:23:30.958463  ERROR -> a bytes-like object is required, not 'tuple'
2023-12-23 22:23:30.959617  ERROR -> a bytes-like object is required, not 'tuple'
2023-12-23 22:23:30.960436  ERROR -> a bytes-like object is required, not 'tuple'
2023-12-23 22:23:30.961080  ERROR -> a bytes-like object is required, not 'tuple'
2023-12-23 22:23:30.961999  ERROR -> a bytes-like object is required, not 'tuple'
2023-12-23 22:23:30.962875  ERROR -> a bytes-like object is required, not 'tuple'
2023-12-23 22:23:30.963861  ERROR -> a bytes-like object is required, not 'tuple'
2023-12-23 22:23:30.964891  ERROR -> a bytes-like object is required, not 'tuple'
2023-12-23 22:23:30.965722  ERROR -> a bytes-like object is required, not 'tuple'
2023-12-23 22:23:30.966766  ERROR -> a bytes-like object is required, not 'tuple'
2023-12-23 22:23:30.967134  ERROR -> a bytes-like object is required, not 'tuple'
2023-12-23 22:23:30.968453  ERROR -> a bytes-like object is required, not 'tuple'
2023-12-23 22:23:30.968740  ERROR -> a bytes-like object is required, not 'tuple'
2023-12-23 22:23:30.970461  ERROR -> a bytes-like object is required, not 'tuple'
2023-12-23 22:23:30.970553  ERROR -> a bytes-like object is required, not 'tuple'
2023-12-23 22:23:30.972649  ERROR -> a bytes-like object is required, not 'tuple'
2023-12-23 22:23:30.972858  ERROR -> a bytes-like object is required, not 'tuple'
2023-12-23 22:23:30.975089  ERROR -> a bytes-like object is required, not 'tuple'
2023-12-23 22:23:30.975237  ERROR -> a bytes-like object is required, not 'tuple'
2023-12-23 22:23:30.977326  ERROR -> a bytes-like object is required, not 'tuple'
2023-12-23 22:23:30.977418  ERROR -> a bytes-like object is required, not 'tuple'
2023-12-23 22:23:30.978713  ERROR -> a bytes-like object is required, not 'tuple'
2023-12-23 22:23:30.979398  ERROR -> a bytes-like object is required, not 'tuple'
2023-12-23 22:23:30.980613  ERROR -> a bytes-like object is required, not 'tuple'
2023-12-23 22:23:30.981355  ERROR -> a bytes-like object is required, not 'tuple'
2023-12-23 22:23:30.982344  ERROR -> a bytes-like object is required, not 'tuple'
2023-12-23 22:23:30.982906  ERROR -> a bytes-like object is required, not 'tuple'
2023-12-23 22:23:30.984135  ERROR -> a bytes-like object is required, not 'tuple'
2023-12-23 22:23:30.984565  ERROR -> a bytes-like object is required, not 'tuple'
2023-12-23 22:23:30.985530  ERROR -> a bytes-like object is required, not 'tuple'
2023-12-23 22:23:30.985938  ERROR -> a bytes-like object is required, not 'tuple'
2023-12-23 22:23:30.987072  ERROR -> a bytes-like object is required, not 'tuple'
2023-12-23 22:23:30.987836  ERROR -> a bytes-like object is required, not 'tuple'
2023-12-23 22:23:30.988635  ERROR -> a bytes-like object is required, not 'tuple'
2023-12-23 22:23:30.989304  ERROR -> a bytes-like object is required, not 'tuple'
2023-12-23 22:23:30.990225  ERROR -> a bytes-like object is required, not 'tuple'
2023-12-23 22:23:30.991237  ERROR -> a bytes-like object is required, not 'tuple'
2023-12-23 22:23:30.992240  ERROR -> a bytes-like object is required, not 'tuple'
2023-12-23 22:23:30.992912  ERROR -> a bytes-like object is required, not 'tuple'
2023-12-23 22:23:30.994004  ERROR -> a bytes-like object is required, not 'tuple'
2023-12-23 22:23:30.994182  ERROR -> a bytes-like object is required, not 'tuple'
2023-12-23 22:23:30.996271  ERROR -> a bytes-like object is required, not 'tuple'
2023-12-23 22:23:30.996227  ERROR -> a bytes-like object is required, not 'tuple'
2023-12-23 22:23:30.998248  ERROR -> a bytes-like object is required, not 'tuple'
2023-12-23 22:23:30.998379  ERROR -> a bytes-like object is required, not 'tuple'
2023-12-23 22:23:31.000590  ERROR -> a bytes-like object is required, not 'tuple'
2023-12-23 22:23:31.000635  ERROR -> a bytes-like object is required, not 'tuple'
2023-12-23 22:23:31.002330  ERROR -> a bytes-like object is required, not 'tuple'
2023-12-23 22:23:31.002433  ERROR -> a bytes-like object is required, not 'tuple'
2023-12-23 22:23:31.004677  ERROR -> a bytes-like object is required, not 'tuple'
2023-12-23 22:23:31.004792  ERROR -> a bytes-like object is required, not 'tuple'
2023-12-23 22:23:31.006853  ERROR -> a bytes-like object is required, not 'tuple'
2023-12-23 22:23:31.006953  ERROR -> a bytes-like object is required, not 'tuple'
2023-12-23 22:23:31.008447  ERROR -> a bytes-like object is required, not 'tuple'
2023-12-23 22:23:31.008520  ERROR -> a bytes-like object is required, not 'tuple'
2023-12-23 22:23:31.010695  ERROR -> a bytes-like object is required, not 'tuple'
2023-12-23 22:23:31.010796  ERROR -> a bytes-like object is required, not 'tuple'
2023-12-23 22:23:31.012249  ERROR -> a bytes-like object is required, not 'tuple'
2023-12-23 22:23:31.012480  ERROR -> a bytes-like object is required, not 'tuple'
2023-12-23 22:23:31.014609  ERROR -> a bytes-like object is required, not 'tuple'
2023-12-23 22:23:31.014669  ERROR -> a bytes-like object is required, not 'tuple'
2023-12-23 22:23:31.016557  ERROR -> a bytes-like object is required, not 'tuple'
2023-12-23 22:23:31.016786  ERROR -> a bytes-like object is required, not 'tuple'
2023-12-23 22:23:31.017967  ERROR -> a bytes-like object is required, not 'tuple'
2023-12-23 22:23:31.018527  ERROR -> a bytes-like object is required, not 'tuple'
2023-12-23 22:23:31.019833  ERROR -> a bytes-like object is required, not 'tuple'
2023-12-23 22:23:31.019946  ERROR -> a bytes-like object is required, not 'tuple'
2023-12-23 22:23:31.022220  ERROR -> a bytes-like object is required, not 'tuple'
2023-12-23 22:23:31.022353  ERROR -> a bytes-like object is required, not 'tuple'
2023-12-23 22:23:31.024037  ERROR -> a bytes-like object is required, not 'tuple'
2023-12-23 22:23:31.024217  ERROR -> a bytes-like object is required, not 'tuple'
2023-12-23 22:23:31.025938  ERROR -> a bytes-like object is required, not 'tuple'
2023-12-23 22:23:31.026034  ERROR -> a bytes-like object is required, not 'tuple'
2023-12-23 22:23:31.028280  ERROR -> a bytes-like object is required, not 'tuple'
2023-12-23 22:23:31.028364  ERROR -> a bytes-like object is required, not 'tuple'
2023-12-23 22:23:31.030857  ERROR -> a bytes-like object is required, not 'tuple'
2023-12-23 22:23:31.030993  ERROR -> a bytes-like object is required, not 'tuple'
2023-12-23 22:23:31.033260  ERROR -> a bytes-like object is required, not 'tuple'
2023-12-23 22:23:31.033434  ERROR -> a bytes-like object is required, not 'tuple'
2023-12-23 22:23:31.034771  ERROR -> a bytes-like object is required, not 'tuple'
2023-12-23 22:23:31.034845  ERROR -> a bytes-like object is required, not 'tuple'
2023-12-23 22:23:31.036777  ERROR -> a bytes-like object is required, not 'tuple'
2023-12-23 22:23:31.037041  ERROR -> a bytes-like object is required, not 'tuple'
2023-12-23 22:23:31.038507  ERROR -> a bytes-like object is required, not 'tuple'
2023-12-23 22:23:31.038827  ERROR -> a bytes-like object is required, not 'tuple'
2023-12-23 22:23:31.040355  ERROR -> a bytes-like object is required, not 'tuple'
2023-12-23 22:23:31.040516  ERROR -> a bytes-like object is required, not 'tuple'
2023-12-23 22:23:31.041714  ERROR -> a bytes-like object is required, not 'tuple'
2023-12-23 22:23:31.041925  ERROR -> a bytes-like object is required, not 'tuple'
2023-12-23 22:23:31.043548  ERROR -> a bytes-like object is required, not 'tuple'
2023-12-23 22:23:31.043522  ERROR -> a bytes-like object is required, not 'tuple'
2023-12-23 22:23:31.045494  ERROR -> a bytes-like object is required, not 'tuple'
2023-12-23 22:23:31.045661  ERROR -> a bytes-like object is required, not 'tuple'
2023-12-23 22:23:31.047958  ERROR -> a bytes-like object is required, not 'tuple'
2023-12-23 22:23:31.048134  ERROR -> a bytes-like object is required, not 'tuple'
2023-12-23 22:23:31.049169  ERROR -> a bytes-like object is required, not 'tuple'
2023-12-23 22:23:31.049689  ERROR -> a bytes-like object is required, not 'tuple'
2023-12-23 22:23:31.050675  ERROR -> a bytes-like object is required, not 'tuple'
2023-12-23 22:23:31.051371  ERROR -> a bytes-like object is required, not 'tuple'
2023-12-23 22:23:31.052197  ERROR -> a bytes-like object is required, not 'tuple'
2023-12-23 22:23:31.052789  ERROR -> a bytes-like object is required, not 'tuple'
2023-12-23 22:23:31.053607  ERROR -> a bytes-like object is required, not 'tuple'
2023-12-23 22:23:31.054113  ERROR -> a bytes-like object is required, not 'tuple'
2023-12-23 22:23:31.055345  ERROR -> a bytes-like object is required, not 'tuple'
2023-12-23 22:23:31.055765  ERROR -> a bytes-like object is required, not 'tuple'
2023-12-23 22:23:31.056904  ERROR -> a bytes-like object is required, not 'tuple'
2023-12-23 22:23:31.057621  ERROR -> a bytes-like object is required, not 'tuple'
2023-12-23 22:23:31.058601  ERROR -> a bytes-like object is required, not 'tuple'
2023-12-23 22:23:31.058950  ERROR -> a bytes-like object is required, not 'tuple'
2023-12-23 22:23:31.060231  ERROR -> a bytes-like object is required, not 'tuple'
2023-12-23 22:23:31.060620  ERROR -> a bytes-like object is required, not 'tuple'
2023-12-23 22:23:31.061543  ERROR -> a bytes-like object is required, not 'tuple'
2023-12-23 22:23:31.061940  ERROR -> a bytes-like object is required, not 'tuple'
2023-12-23 22:23:31.063555  ERROR -> a bytes-like object is required, not 'tuple'
2023-12-23 22:23:31.063712  ERROR -> a bytes-like object is required, not 'tuple'
2023-12-23 22:23:31.065390  ERROR -> a bytes-like object is required, not 'tuple'
2023-12-23 22:23:31.065560  ERROR -> a bytes-like object is required, not 'tuple'
2023-12-23 22:23:31.067287  ERROR -> a bytes-like object is required, not 'tuple'
2023-12-23 22:23:31.067473  ERROR -> a bytes-like object is required, not 'tuple'
2023-12-23 22:23:31.069447  ERROR -> a bytes-like object is required, not 'tuple'
2023-12-23 22:23:31.069491  ERROR -> a bytes-like object is required, not 'tuple'
2023-12-23 22:23:31.071770  ERROR -> a bytes-like object is required, not 'tuple'
2023-12-23 22:23:31.071994  ERROR -> a bytes-like object is required, not 'tuple'
2023-12-23 22:23:31.073470  ERROR -> a bytes-like object is required, not 'tuple'
2023-12-23 22:23:31.073940  ERROR -> a bytes-like object is required, not 'tuple'
2023-12-23 22:23:31.075152  ERROR -> a bytes-like object is required, not 'tuple'
2023-12-23 22:23:31.075869  ERROR -> a bytes-like object is required, not 'tuple'
2023-12-23 22:23:31.076757  ERROR -> a bytes-like object is required, not 'tuple'
2023-12-23 22:23:31.077217  ERROR -> a bytes-like object is required, not 'tuple'
2023-12-23 22:23:31.078103  ERROR -> a bytes-like object is required, not 'tuple'
2023-12-23 22:23:31.078571  ERROR -> a bytes-like object is required, not 'tuple'
2023-12-23 22:23:31.080105  ERROR -> a bytes-like object is required, not 'tuple'
2023-12-23 22:23:31.080509  ERROR -> a bytes-like object is required, not 'tuple'
2023-12-23 22:23:31.081434  ERROR -> a bytes-like object is required, not 'tuple'
2023-12-23 22:23:31.082435  ERROR -> a bytes-like object is required, not 'tuple'
2023-12-23 22:23:31.083137  ERROR -> a bytes-like object is required, not 'tuple'
2023-12-23 22:23:31.084048  ERROR -> a bytes-like object is required, not 'tuple'
2023-12-23 22:23:31.084893  ERROR -> a bytes-like object is required, not 'tuple'
2023-12-23 22:23:31.085752  ERROR -> a bytes-like object is required, not 'tuple'
2023-12-23 22:23:31.086455  ERROR -> a bytes-like object is required, not 'tuple'
2023-12-23 22:23:31.087134  ERROR -> a bytes-like object is required, not 'tuple'
2023-12-23 22:23:31.088971  ERROR -> a bytes-like object is required, not 'tuple'
2023-12-23 22:23:31.089232  ERROR -> a bytes-like object is required, not 'tuple'
2023-12-23 22:23:31.090424  ERROR -> a bytes-like object is required, not 'tuple'
2023-12-23 22:23:31.090752  ERROR -> a bytes-like object is required, not 'tuple'
2023-12-23 22:23:31.092118  ERROR -> a bytes-like object is required, not 'tuple'
2023-12-23 22:23:31.092225  ERROR -> a bytes-like object is required, not 'tuple'
2023-12-23 22:23:31.094306  ERROR -> a bytes-like object is required, not 'tuple'
2023-12-23 22:23:31.094467  ERROR -> a bytes-like object is required, not 'tuple'
2023-12-23 22:23:31.096441  ERROR -> a bytes-like object is required, not 'tuple'
2023-12-23 22:23:31.096580  ERROR -> a bytes-like object is required, not 'tuple'
2023-12-23 22:23:31.098712  ERROR -> a bytes-like object is required, not 'tuple'
2023-12-23 22:23:31.098813  ERROR -> a bytes-like object is required, not 'tuple'
2023-12-23 22:23:31.100790  ERROR -> a bytes-like object is required, not 'tuple'
2023-12-23 22:23:31.100842  ERROR -> a bytes-like object is required, not 'tuple'
2023-12-23 22:23:31.102733  ERROR -> a bytes-like object is required, not 'tuple'
2023-12-23 22:23:31.103161  ERROR -> a bytes-like object is required, not 'tuple'
2023-12-23 22:23:31.104293  ERROR -> a bytes-like object is required, not 'tuple'
2023-12-23 22:23:31.104679  ERROR -> a bytes-like object is required, not 'tuple'
2023-12-23 22:23:31.105937  ERROR -> a bytes-like object is required, not 'tuple'
2023-12-23 22:23:31.106649  ERROR -> a bytes-like object is required, not 'tuple'
2023-12-23 22:23:31.107377  ERROR -> a bytes-like object is required, not 'tuple'
2023-12-23 22:23:31.108525  ERROR -> a bytes-like object is required, not 'tuple'
2023-12-23 22:23:31.109204  ERROR -> a bytes-like object is required, not 'tuple'
2023-12-23 22:23:31.110181  ERROR -> a bytes-like object is required, not 'tuple'
2023-12-23 22:23:31.110743  ERROR -> a bytes-like object is required, not 'tuple'
2023-12-23 22:23:31.111909  ERROR -> a bytes-like object is required, not 'tuple'
2023-12-23 22:23:31.112273  ERROR -> a bytes-like object is required, not 'tuple'
2023-12-23 22:23:31.113858  ERROR -> a bytes-like object is required, not 'tuple'
2023-12-23 22:23:31.114047  ERROR -> a bytes-like object is required, not 'tuple'
2023-12-23 22:23:31.115696  ERROR -> a bytes-like object is required, not 'tuple'
2023-12-23 22:23:31.115798  ERROR -> a bytes-like object is required, not 'tuple'
2023-12-23 22:23:31.117091  ERROR -> a bytes-like object is required, not 'tuple'
2023-12-23 22:23:31.117192  ERROR -> a bytes-like object is required, not 'tuple'
2023-12-23 22:23:31.119174  ERROR -> a bytes-like object is required, not 'tuple'
2023-12-23 22:23:31.119283  ERROR -> a bytes-like object is required, not 'tuple'
2023-12-23 22:23:31.121046  ERROR -> a bytes-like object is required, not 'tuple'
2023-12-23 22:23:31.121201  ERROR -> a bytes-like object is required, not 'tuple'
2023-12-23 22:23:31.122892  ERROR -> a bytes-like object is required, not 'tuple'
2023-12-23 22:23:31.123008  ERROR -> a bytes-like object is required, not 'tuple'
2023-12-23 22:23:31.124769  ERROR -> a bytes-like object is required, not 'tuple'
2023-12-23 22:23:31.125128  ERROR -> a bytes-like object is required, not 'tuple'
2023-12-23 22:23:31.126079  ERROR -> a bytes-like object is required, not 'tuple'
2023-12-23 22:23:31.126498  ERROR -> a bytes-like object is required, not 'tuple'
2023-12-23 22:23:31.127678  ERROR -> a bytes-like object is required, not 'tuple'
2023-12-23 22:23:31.128481  ERROR -> a bytes-like object is required, not 'tuple'
2023-12-23 22:23:31.129517  ERROR -> a bytes-like object is required, not 'tuple'
2023-12-23 22:23:31.130295  ERROR -> a bytes-like object is required, not 'tuple'
2023-12-23 22:23:31.131081  ERROR -> a bytes-like object is required, not 'tuple'
2023-12-23 22:23:31.131772  ERROR -> a bytes-like object is required, not 'tuple'
2023-12-23 22:23:31.132627  ERROR -> a bytes-like object is required, not 'tuple'
2023-12-23 22:23:31.133830  ERROR -> a bytes-like object is required, not 'tuple'
2023-12-23 22:23:31.134030  ERROR -> a bytes-like object is required, not 'tuple'
2023-12-23 22:23:31.136303  ERROR -> a bytes-like object is required, not 'tuple'
2023-12-23 22:23:31.136405  ERROR -> a bytes-like object is required, not 'tuple'
2023-12-23 22:23:31.137643  ERROR -> a bytes-like object is required, not 'tuple'
2023-12-23 22:23:31.137736  ERROR -> a bytes-like object is required, not 'tuple'
2023-12-23 22:23:31.139649  ERROR -> a bytes-like object is required, not 'tuple'
